gap> P:=[];
[  ]
gap> for i in [1..3000] do
> P[i]:=i;
> od;
gap> P;
[ 1, 2, 3, 4, 5, 6, 7, 8, 9, 10, 11, 12, 13, 14, 15, 16, 17, 18, 19, 20, 21, 22, 23, 24, 25, 26, 27, 28, 29, 30, 31, 
  32, 33, 34, 35, 36, 37, 38, 39, 40, 41, 42, 43, 44, 45, 46, 47, 48, 49, 50, 51, 52, 53, 54, 55, 56, 57, 58, 59, 60, 
  61, 62, 63, 64, 65, 66, 67, 68, 69, 70, 71, 72, 73, 74, 75, 76, 77, 78, 79, 80, 81, 82, 83, 84, 85, 86, 87, 88, 89, 
  90, 91, 92, 93, 94, 95, 96, 97, 98, 99, 100, 101, 102, 103, 104, 105, 106, 107, 108, 109, 110, 111, 112, 113, 114, 
  115, 116, 117, 118, 119, 120, 121, 122, 123, 124, 125, 126, 127, 128, 129, 130, 131, 132, 133, 134, 135, 136, 137, 
  138, 139, 140, 141, 142, 143, 144, 145, 146, 147, 148, 149, 150, 151, 152, 153, 154, 155, 156, 157, 158, 159, 160, 
  161, 162, 163, 164, 165, 166, 167, 168, 169, 170, 171, 172, 173, 174, 175, 176, 177, 178, 179, 180, 181, 182, 183, 
  184, 185, 186, 187, 188, 189, 190, 191, 192, 193, 194, 195, 196, 197, 198, 199, 200, 201, 202, 203, 204, 205, 206, 
  207, 208, 209, 210, 211, 212, 213, 214, 215, 216, 217, 218, 219, 220, 221, 222, 223, 224, 225, 226, 227, 228, 229, 
  230, 231, 232, 233, 234, 235, 236, 237, 238, 239, 240, 241, 242, 243, 244, 245, 246, 247, 248, 249, 250, 251, 252, 
  253, 254, 255, 256, 257, 258, 259, 260, 261, 262, 263, 264, 265, 266, 267, 268, 269, 270, 271, 272, 273, 274, 275, 
  276, 277, 278, 279, 280, 281, 282, 283, 284, 285, 286, 287, 288, 289, 290, 291, 292, 293, 294, 295, 296, 297, 298, 
  299, 300, 301, 302, 303, 304, 305, 306, 307, 308, 309, 310, 311, 312, 313, 314, 315, 316, 317, 318, 319, 320, 321, 
  322, 323, 324, 325, 326, 327, 328, 329, 330, 331, 332, 333, 334, 335, 336, 337, 338, 339, 340, 341, 342, 343, 344, 
  345, 346, 347, 348, 349, 350, 351, 352, 353, 354, 355, 356, 357, 358, 359, 360, 361, 362, 363, 364, 365, 366, 367, 
  368, 369, 370, 371, 372, 373, 374, 375, 376, 377, 378, 379, 380, 381, 382, 383, 384, 385, 386, 387, 388, 389, 390, 
  391, 392, 393, 394, 395, 396, 397, 398, 399, 400, 401, 402, 403, 404, 405, 406, 407, 408, 409, 410, 411, 412, 413, 
  414, 415, 416, 417, 418, 419, 420, 421, 422, 423, 424, 425, 426, 427, 428, 429, 430, 431, 432, 433, 434, 435, 436, 
  437, 438, 439, 440, 441, 442, 443, 444, 445, 446, 447, 448, 449, 450, 451, 452, 453, 454, 455, 456, 457, 458, 459, 
  460, 461, 462, 463, 464, 465, 466, 467, 468, 469, 470, 471, 472, 473, 474, 475, 476, 477, 478, 479, 480, 481, 482, 
  483, 484, 485, 486, 487, 488, 489, 490, 491, 492, 493, 494, 495, 496, 497, 498, 499, 500, 501, 502, 503, 504, 505, 
  506, 507, 508, 509, 510, 511, 512, 513, 514, 515, 516, 517, 518, 519, 520, 521, 522, 523, 524, 525, 526, 527, 528, 
  529, 530, 531, 532, 533, 534, 535, 536, 537, 538, 539, 540, 541, 542, 543, 544, 545, 546, 547, 548, 549, 550, 551, 
  552, 553, 554, 555, 556, 557, 558, 559, 560, 561, 562, 563, 564, 565, 566, 567, 568, 569, 570, 571, 572, 573, 574, 
  575, 576, 577, 578, 579, 580, 581, 582, 583, 584, 585, 586, 587, 588, 589, 590, 591, 592, 593, 594, 595, 596, 597, 
  598, 599, 600, 601, 602, 603, 604, 605, 606, 607, 608, 609, 610, 611, 612, 613, 614, 615, 616, 617, 618, 619, 620, 
  621, 622, 623, 624, 625, 626, 627, 628, 629, 630, 631, 632, 633, 634, 635, 636, 637, 638, 639, 640, 641, 642, 643, 
  644, 645, 646, 647, 648, 649, 650, 651, 652, 653, 654, 655, 656, 657, 658, 659, 660, 661, 662, 663, 664, 665, 666, 
  667, 668, 669, 670, 671, 672, 673, 674, 675, 676, 677, 678, 679, 680, 681, 682, 683, 684, 685, 686, 687, 688, 689, 
  690, 691, 692, 693, 694, 695, 696, 697, 698, 699, 700, 701, 702, 703, 704, 705, 706, 707, 708, 709, 710, 711, 712, 
  713, 714, 715, 716, 717, 718, 719, 720, 721, 722, 723, 724, 725, 726, 727, 728, 729, 730, 731, 732, 733, 734, 735, 
  736, 737, 738, 739, 740, 741, 742, 743, 744, 745, 746, 747, 748, 749, 750, 751, 752, 753, 754, 755, 756, 757, 758, 
  759, 760, 761, 762, 763, 764, 765, 766, 767, 768, 769, 770, 771, 772, 773, 774, 775, 776, 777, 778, 779, 780, 781, 
  782, 783, 784, 785, 786, 787, 788, 789, 790, 791, 792, 793, 794, 795, 796, 797, 798, 799, 800, 801, 802, 803, 804, 
  805, 806, 807, 808, 809, 810, 811, 812, 813, 814, 815, 816, 817, 818, 819, 820, 821, 822, 823, 824, 825, 826, 827, 
  828, 829, 830, 831, 832, 833, 834, 835, 836, 837, 838, 839, 840, 841, 842, 843, 844, 845, 846, 847, 848, 849, 850, 
  851, 852, 853, 854, 855, 856, 857, 858, 859, 860, 861, 862, 863, 864, 865, 866, 867, 868, 869, 870, 871, 872, 873, 
  874, 875, 876, 877, 878, 879, 880, 881, 882, 883, 884, 885, 886, 887, 888, 889, 890, 891, 892, 893, 894, 895, 896, 
  897, 898, 899, 900, 901, 902, 903, 904, 905, 906, 907, 908, 909, 910, 911, 912, 913, 914, 915, 916, 917, 918, 919, 
  920, 921, 922, 923, 924, 925, 926, 927, 928, 929, 930, 931, 932, 933, 934, 935, 936, 937, 938, 939, 940, 941, 942, 
  943, 944, 945, 946, 947, 948, 949, 950, 951, 952, 953, 954, 955, 956, 957, 958, 959, 960, 961, 962, 963, 964, 965, 
  966, 967, 968, 969, 970, 971, 972, 973, 974, 975, 976, 977, 978, 979, 980, 981, 982, 983, 984, 985, 986, 987, 988, 
  989, 990, 991, 992, 993, 994, 995, 996, 997, 998, 999, 1000, 1001, 1002, 1003, 1004, 1005, 1006, 1007, 1008, 1009, 
  1010, 1011, 1012, 1013, 1014, 1015, 1016, 1017, 1018, 1019, 1020, 1021, 1022, 1023, 1024, 1025, 1026, 1027, 1028, 
  1029, 1030, 1031, 1032, 1033, 1034, 1035, 1036, 1037, 1038, 1039, 1040, 1041, 1042, 1043, 1044, 1045, 1046, 1047, 
  1048, 1049, 1050, 1051, 1052, 1053, 1054, 1055, 1056, 1057, 1058, 1059, 1060, 1061, 1062, 1063, 1064, 1065, 1066, 
  1067, 1068, 1069, 1070, 1071, 1072, 1073, 1074, 1075, 1076, 1077, 1078, 1079, 1080, 1081, 1082, 1083, 1084, 1085, 
  1086, 1087, 1088, 1089, 1090, 1091, 1092, 1093, 1094, 1095, 1096, 1097, 1098, 1099, 1100, 1101, 1102, 1103, 1104, 
  1105, 1106, 1107, 1108, 1109, 1110, 1111, 1112, 1113, 1114, 1115, 1116, 1117, 1118, 1119, 1120, 1121, 1122, 1123, 
  1124, 1125, 1126, 1127, 1128, 1129, 1130, 1131, 1132, 1133, 1134, 1135, 1136, 1137, 1138, 1139, 1140, 1141, 1142, 
  1143, 1144, 1145, 1146, 1147, 1148, 1149, 1150, 1151, 1152, 1153, 1154, 1155, 1156, 1157, 1158, 1159, 1160, 1161, 
  1162, 1163, 1164, 1165, 1166, 1167, 1168, 1169, 1170, 1171, 1172, 1173, 1174, 1175, 1176, 1177, 1178, 1179, 1180, 
  1181, 1182, 1183, 1184, 1185, 1186, 1187, 1188, 1189, 1190, 1191, 1192, 1193, 1194, 1195, 1196, 1197, 1198, 1199, 
  1200, 1201, 1202, 1203, 1204, 1205, 1206, 1207, 1208, 1209, 1210, 1211, 1212, 1213, 1214, 1215, 1216, 1217, 1218, 
  1219, 1220, 1221, 1222, 1223, 1224, 1225, 1226, 1227, 1228, 1229, 1230, 1231, 1232, 1233, 1234, 1235, 1236, 1237, 
  1238, 1239, 1240, 1241, 1242, 1243, 1244, 1245, 1246, 1247, 1248, 1249, 1250, 1251, 1252, 1253, 1254, 1255, 1256, 
  1257, 1258, 1259, 1260, 1261, 1262, 1263, 1264, 1265, 1266, 1267, 1268, 1269, 1270, 1271, 1272, 1273, 1274, 1275, 
  1276, 1277, 1278, 1279, 1280, 1281, 1282, 1283, 1284, 1285, 1286, 1287, 1288, 1289, 1290, 1291, 1292, 1293, 1294, 
  1295, 1296, 1297, 1298, 1299, 1300, 1301, 1302, 1303, 1304, 1305, 1306, 1307, 1308, 1309, 1310, 1311, 1312, 1313, 
  1314, 1315, 1316, 1317, 1318, 1319, 1320, 1321, 1322, 1323, 1324, 1325, 1326, 1327, 1328, 1329, 1330, 1331, 1332, 
  1333, 1334, 1335, 1336, 1337, 1338, 1339, 1340, 1341, 1342, 1343, 1344, 1345, 1346, 1347, 1348, 1349, 1350, 1351, 
  1352, 1353, 1354, 1355, 1356, 1357, 1358, 1359, 1360, 1361, 1362, 1363, 1364, 1365, 1366, 1367, 1368, 1369, 1370, 
  1371, 1372, 1373, 1374, 1375, 1376, 1377, 1378, 1379, 1380, 1381, 1382, 1383, 1384, 1385, 1386, 1387, 1388, 1389, 
  1390, 1391, 1392, 1393, 1394, 1395, 1396, 1397, 1398, 1399, 1400, 1401, 1402, 1403, 1404, 1405, 1406, 1407, 1408, 
  1409, 1410, 1411, 1412, 1413, 1414, 1415, 1416, 1417, 1418, 1419, 1420, 1421, 1422, 1423, 1424, 1425, 1426, 1427, 
  1428, 1429, 1430, 1431, 1432, 1433, 1434, 1435, 1436, 1437, 1438, 1439, 1440, 1441, 1442, 1443, 1444, 1445, 1446, 
  1447, 1448, 1449, 1450, 1451, 1452, 1453, 1454, 1455, 1456, 1457, 1458, 1459, 1460, 1461, 1462, 1463, 1464, 1465, 
  1466, 1467, 1468, 1469, 1470, 1471, 1472, 1473, 1474, 1475, 1476, 1477, 1478, 1479, 1480, 1481, 1482, 1483, 1484, 
  1485, 1486, 1487, 1488, 1489, 1490, 1491, 1492, 1493, 1494, 1495, 1496, 1497, 1498, 1499, 1500, 1501, 1502, 1503, 
  1504, 1505, 1506, 1507, 1508, 1509, 1510, 1511, 1512, 1513, 1514, 1515, 1516, 1517, 1518, 1519, 1520, 1521, 1522, 
  1523, 1524, 1525, 1526, 1527, 1528, 1529, 1530, 1531, 1532, 1533, 1534, 1535, 1536, 1537, 1538, 1539, 1540, 1541, 
  1542, 1543, 1544, 1545, 1546, 1547, 1548, 1549, 1550, 1551, 1552, 1553, 1554, 1555, 1556, 1557, 1558, 1559, 1560, 
  1561, 1562, 1563, 1564, 1565, 1566, 1567, 1568, 1569, 1570, 1571, 1572, 1573, 1574, 1575, 1576, 1577, 1578, 1579, 
  1580, 1581, 1582, 1583, 1584, 1585, 1586, 1587, 1588, 1589, 1590, 1591, 1592, 1593, 1594, 1595, 1596, 1597, 1598, 
  1599, 1600, 1601, 1602, 1603, 1604, 1605, 1606, 1607, 1608, 1609, 1610, 1611, 1612, 1613, 1614, 1615, 1616, 1617, 
  1618, 1619, 1620, 1621, 1622, 1623, 1624, 1625, 1626, 1627, 1628, 1629, 1630, 1631, 1632, 1633, 1634, 1635, 1636, 
  1637, 1638, 1639, 1640, 1641, 1642, 1643, 1644, 1645, 1646, 1647, 1648, 1649, 1650, 1651, 1652, 1653, 1654, 1655, 
  1656, 1657, 1658, 1659, 1660, 1661, 1662, 1663, 1664, 1665, 1666, 1667, 1668, 1669, 1670, 1671, 1672, 1673, 1674, 
  1675, 1676, 1677, 1678, 1679, 1680, 1681, 1682, 1683, 1684, 1685, 1686, 1687, 1688, 1689, 1690, 1691, 1692, 1693, 
  1694, 1695, 1696, 1697, 1698, 1699, 1700, 1701, 1702, 1703, 1704, 1705, 1706, 1707, 1708, 1709, 1710, 1711, 1712, 
  1713, 1714, 1715, 1716, 1717, 1718, 1719, 1720, 1721, 1722, 1723, 1724, 1725, 1726, 1727, 1728, 1729, 1730, 1731, 
  1732, 1733, 1734, 1735, 1736, 1737, 1738, 1739, 1740, 1741, 1742, 1743, 1744, 1745, 1746, 1747, 1748, 1749, 1750, 
  1751, 1752, 1753, 1754, 1755, 1756, 1757, 1758, 1759, 1760, 1761, 1762, 1763, 1764, 1765, 1766, 1767, 1768, 1769, 
  1770, 1771, 1772, 1773, 1774, 1775, 1776, 1777, 1778, 1779, 1780, 1781, 1782, 1783, 1784, 1785, 1786, 1787, 1788, 
  1789, 1790, 1791, 1792, 1793, 1794, 1795, 1796, 1797, 1798, 1799, 1800, 1801, 1802, 1803, 1804, 1805, 1806, 1807, 
  1808, 1809, 1810, 1811, 1812, 1813, 1814, 1815, 1816, 1817, 1818, 1819, 1820, 1821, 1822, 1823, 1824, 1825, 1826, 
  1827, 1828, 1829, 1830, 1831, 1832, 1833, 1834, 1835, 1836, 1837, 1838, 1839, 1840, 1841, 1842, 1843, 1844, 1845, 
  1846, 1847, 1848, 1849, 1850, 1851, 1852, 1853, 1854, 1855, 1856, 1857, 1858, 1859, 1860, 1861, 1862, 1863, 1864, 
  1865, 1866, 1867, 1868, 1869, 1870, 1871, 1872, 1873, 1874, 1875, 1876, 1877, 1878, 1879, 1880, 1881, 1882, 1883, 
  1884, 1885, 1886, 1887, 1888, 1889, 1890, 1891, 1892, 1893, 1894, 1895, 1896, 1897, 1898, 1899, 1900, 1901, 1902, 
  1903, 1904, 1905, 1906, 1907, 1908, 1909, 1910, 1911, 1912, 1913, 1914, 1915, 1916, 1917, 1918, 1919, 1920, 1921, 
  1922, 1923, 1924, 1925, 1926, 1927, 1928, 1929, 1930, 1931, 1932, 1933, 1934, 1935, 1936, 1937, 1938, 1939, 1940, 
  1941, 1942, 1943, 1944, 1945, 1946, 1947, 1948, 1949, 1950, 1951, 1952, 1953, 1954, 1955, 1956, 1957, 1958, 1959, 
  1960, 1961, 1962, 1963, 1964, 1965, 1966, 1967, 1968, 1969, 1970, 1971, 1972, 1973, 1974, 1975, 1976, 1977, 1978, 
  1979, 1980, 1981, 1982, 1983, 1984, 1985, 1986, 1987, 1988, 1989, 1990, 1991, 1992, 1993, 1994, 1995, 1996, 1997, 
  1998, 1999, 2000, 2001, 2002, 2003, 2004, 2005, 2006, 2007, 2008, 2009, 2010, 2011, 2012, 2013, 2014, 2015, 2016, 
  2017, 2018, 2019, 2020, 2021, 2022, 2023, 2024, 2025, 2026, 2027, 2028, 2029, 2030, 2031, 2032, 2033, 2034, 2035, 
  2036, 2037, 2038, 2039, 2040, 2041, 2042, 2043, 2044, 2045, 2046, 2047, 2048, 2049, 2050, 2051, 2052, 2053, 2054, 
  2055, 2056, 2057, 2058, 2059, 2060, 2061, 2062, 2063, 2064, 2065, 2066, 2067, 2068, 2069, 2070, 2071, 2072, 2073, 
  2074, 2075, 2076, 2077, 2078, 2079, 2080, 2081, 2082, 2083, 2084, 2085, 2086, 2087, 2088, 2089, 2090, 2091, 2092, 
  2093, 2094, 2095, 2096, 2097, 2098, 2099, 2100, 2101, 2102, 2103, 2104, 2105, 2106, 2107, 2108, 2109, 2110, 2111, 
  2112, 2113, 2114, 2115, 2116, 2117, 2118, 2119, 2120, 2121, 2122, 2123, 2124, 2125, 2126, 2127, 2128, 2129, 2130, 
  2131, 2132, 2133, 2134, 2135, 2136, 2137, 2138, 2139, 2140, 2141, 2142, 2143, 2144, 2145, 2146, 2147, 2148, 2149, 
  2150, 2151, 2152, 2153, 2154, 2155, 2156, 2157, 2158, 2159, 2160, 2161, 2162, 2163, 2164, 2165, 2166, 2167, 2168, 
  2169, 2170, 2171, 2172, 2173, 2174, 2175, 2176, 2177, 2178, 2179, 2180, 2181, 2182, 2183, 2184, 2185, 2186, 2187, 
  2188, 2189, 2190, 2191, 2192, 2193, 2194, 2195, 2196, 2197, 2198, 2199, 2200, 2201, 2202, 2203, 2204, 2205, 2206, 
  2207, 2208, 2209, 2210, 2211, 2212, 2213, 2214, 2215, 2216, 2217, 2218, 2219, 2220, 2221, 2222, 2223, 2224, 2225, 
  2226, 2227, 2228, 2229, 2230, 2231, 2232, 2233, 2234, 2235, 2236, 2237, 2238, 2239, 2240, 2241, 2242, 2243, 2244, 
  2245, 2246, 2247, 2248, 2249, 2250, 2251, 2252, 2253, 2254, 2255, 2256, 2257, 2258, 2259, 2260, 2261, 2262, 2263, 
  2264, 2265, 2266, 2267, 2268, 2269, 2270, 2271, 2272, 2273, 2274, 2275, 2276, 2277, 2278, 2279, 2280, 2281, 2282, 
  2283, 2284, 2285, 2286, 2287, 2288, 2289, 2290, 2291, 2292, 2293, 2294, 2295, 2296, 2297, 2298, 2299, 2300, 2301, 
  2302, 2303, 2304, 2305, 2306, 2307, 2308, 2309, 2310, 2311, 2312, 2313, 2314, 2315, 2316, 2317, 2318, 2319, 2320, 
  2321, 2322, 2323, 2324, 2325, 2326, 2327, 2328, 2329, 2330, 2331, 2332, 2333, 2334, 2335, 2336, 2337, 2338, 2339, 
  2340, 2341, 2342, 2343, 2344, 2345, 2346, 2347, 2348, 2349, 2350, 2351, 2352, 2353, 2354, 2355, 2356, 2357, 2358, 
  2359, 2360, 2361, 2362, 2363, 2364, 2365, 2366, 2367, 2368, 2369, 2370, 2371, 2372, 2373, 2374, 2375, 2376, 2377, 
  2378, 2379, 2380, 2381, 2382, 2383, 2384, 2385, 2386, 2387, 2388, 2389, 2390, 2391, 2392, 2393, 2394, 2395, 2396, 
  2397, 2398, 2399, 2400, 2401, 2402, 2403, 2404, 2405, 2406, 2407, 2408, 2409, 2410, 2411, 2412, 2413, 2414, 2415, 
  2416, 2417, 2418, 2419, 2420, 2421, 2422, 2423, 2424, 2425, 2426, 2427, 2428, 2429, 2430, 2431, 2432, 2433, 2434, 
  2435, 2436, 2437, 2438, 2439, 2440, 2441, 2442, 2443, 2444, 2445, 2446, 2447, 2448, 2449, 2450, 2451, 2452, 2453, 
  2454, 2455, 2456, 2457, 2458, 2459, 2460, 2461, 2462, 2463, 2464, 2465, 2466, 2467, 2468, 2469, 2470, 2471, 2472, 
  2473, 2474, 2475, 2476, 2477, 2478, 2479, 2480, 2481, 2482, 2483, 2484, 2485, 2486, 2487, 2488, 2489, 2490, 2491, 
  2492, 2493, 2494, 2495, 2496, 2497, 2498, 2499, 2500, 2501, 2502, 2503, 2504, 2505, 2506, 2507, 2508, 2509, 2510, 
  2511, 2512, 2513, 2514, 2515, 2516, 2517, 2518, 2519, 2520, 2521, 2522, 2523, 2524, 2525, 2526, 2527, 2528, 2529, 
  2530, 2531, 2532, 2533, 2534, 2535, 2536, 2537, 2538, 2539, 2540, 2541, 2542, 2543, 2544, 2545, 2546, 2547, 2548, 
  2549, 2550, 2551, 2552, 2553, 2554, 2555, 2556, 2557, 2558, 2559, 2560, 2561, 2562, 2563, 2564, 2565, 2566, 2567, 
  2568, 2569, 2570, 2571, 2572, 2573, 2574, 2575, 2576, 2577, 2578, 2579, 2580, 2581, 2582, 2583, 2584, 2585, 2586, 
  2587, 2588, 2589, 2590, 2591, 2592, 2593, 2594, 2595, 2596, 2597, 2598, 2599, 2600, 2601, 2602, 2603, 2604, 2605, 
  2606, 2607, 2608, 2609, 2610, 2611, 2612, 2613, 2614, 2615, 2616, 2617, 2618, 2619, 2620, 2621, 2622, 2623, 2624, 
  2625, 2626, 2627, 2628, 2629, 2630, 2631, 2632, 2633, 2634, 2635, 2636, 2637, 2638, 2639, 2640, 2641, 2642, 2643, 
  2644, 2645, 2646, 2647, 2648, 2649, 2650, 2651, 2652, 2653, 2654, 2655, 2656, 2657, 2658, 2659, 2660, 2661, 2662, 
  2663, 2664, 2665, 2666, 2667, 2668, 2669, 2670, 2671, 2672, 2673, 2674, 2675, 2676, 2677, 2678, 2679, 2680, 2681, 
  2682, 2683, 2684, 2685, 2686, 2687, 2688, 2689, 2690, 2691, 2692, 2693, 2694, 2695, 2696, 2697, 2698, 2699, 2700, 
  2701, 2702, 2703, 2704, 2705, 2706, 2707, 2708, 2709, 2710, 2711, 2712, 2713, 2714, 2715, 2716, 2717, 2718, 2719, 
  2720, 2721, 2722, 2723, 2724, 2725, 2726, 2727, 2728, 2729, 2730, 2731, 2732, 2733, 2734, 2735, 2736, 2737, 2738, 
  2739, 2740, 2741, 2742, 2743, 2744, 2745, 2746, 2747, 2748, 2749, 2750, 2751, 2752, 2753, 2754, 2755, 2756, 2757, 
  2758, 2759, 2760, 2761, 2762, 2763, 2764, 2765, 2766, 2767, 2768, 2769, 2770, 2771, 2772, 2773, 2774, 2775, 2776, 
  2777, 2778, 2779, 2780, 2781, 2782, 2783, 2784, 2785, 2786, 2787, 2788, 2789, 2790, 2791, 2792, 2793, 2794, 2795, 
  2796, 2797, 2798, 2799, 2800, 2801, 2802, 2803, 2804, 2805, 2806, 2807, 2808, 2809, 2810, 2811, 2812, 2813, 2814, 
  2815, 2816, 2817, 2818, 2819, 2820, 2821, 2822, 2823, 2824, 2825, 2826, 2827, 2828, 2829, 2830, 2831, 2832, 2833, 
  2834, 2835, 2836, 2837, 2838, 2839, 2840, 2841, 2842, 2843, 2844, 2845, 2846, 2847, 2848, 2849, 2850, 2851, 2852, 
  2853, 2854, 2855, 2856, 2857, 2858, 2859, 2860, 2861, 2862, 2863, 2864, 2865, 2866, 2867, 2868, 2869, 2870, 2871, 
  2872, 2873, 2874, 2875, 2876, 2877, 2878, 2879, 2880, 2881, 2882, 2883, 2884, 2885, 2886, 2887, 2888, 2889, 2890, 
  2891, 2892, 2893, 2894, 2895, 2896, 2897, 2898, 2899, 2900, 2901, 2902, 2903, 2904, 2905, 2906, 2907, 2908, 2909, 
  2910, 2911, 2912, 2913, 2914, 2915, 2916, 2917, 2918, 2919, 2920, 2921, 2922, 2923, 2924, 2925, 2926, 2927, 2928, 
  2929, 2930, 2931, 2932, 2933, 2934, 2935, 2936, 2937, 2938, 2939, 2940, 2941, 2942, 2943, 2944, 2945, 2946, 2947, 
  2948, 2949, 2950, 2951, 2952, 2953, 2954, 2955, 2956, 2957, 2958, 2959, 2960, 2961, 2962, 2963, 2964, 2965, 2966, 
  2967, 2968, 2969, 2970, 2971, 2972, 2973, 2974, 2975, 2976, 2977, 2978, 2979, 2980, 2981, 2982, 2983, 2984, 2985, 
  2986, 2987, 2988, 2989, 2990, 2991, 2992, 2993, 2994, 2995, 2996, 2997, 2998, 2999, 3000 ]
gap> lp:=Filtered(P, IsPrimePowerInt);
[ 2, 3, 4, 5, 7, 8, 9, 11, 13, 16, 17, 19, 23, 25, 27, 29, 31, 32, 37, 41, 43, 47, 49, 53, 59, 61, 64, 67, 71, 73, 
  79, 81, 83, 89, 97, 101, 103, 107, 109, 113, 121, 125, 127, 128, 131, 137, 139, 149, 151, 157, 163, 167, 169, 173, 
  179, 181, 191, 193, 197, 199, 211, 223, 227, 229, 233, 239, 241, 243, 251, 256, 257, 263, 269, 271, 277, 281, 283, 
  289, 293, 307, 311, 313, 317, 331, 337, 343, 347, 349, 353, 359, 361, 367, 373, 379, 383, 389, 397, 401, 409, 419, 
  421, 431, 433, 439, 443, 449, 457, 461, 463, 467, 479, 487, 491, 499, 503, 509, 512, 521, 523, 529, 541, 547, 557, 
  563, 569, 571, 577, 587, 593, 599, 601, 607, 613, 617, 619, 625, 631, 641, 643, 647, 653, 659, 661, 673, 677, 683, 
  691, 701, 709, 719, 727, 729, 733, 739, 743, 751, 757, 761, 769, 773, 787, 797, 809, 811, 821, 823, 827, 829, 839, 
  841, 853, 857, 859, 863, 877, 881, 883, 887, 907, 911, 919, 929, 937, 941, 947, 953, 961, 967, 971, 977, 983, 991, 
  997, 1009, 1013, 1019, 1021, 1024, 1031, 1033, 1039, 1049, 1051, 1061, 1063, 1069, 1087, 1091, 1093, 1097, 1103, 
  1109, 1117, 1123, 1129, 1151, 1153, 1163, 1171, 1181, 1187, 1193, 1201, 1213, 1217, 1223, 1229, 1231, 1237, 1249, 
  1259, 1277, 1279, 1283, 1289, 1291, 1297, 1301, 1303, 1307, 1319, 1321, 1327, 1331, 1361, 1367, 1369, 1373, 1381, 
  1399, 1409, 1423, 1427, 1429, 1433, 1439, 1447, 1451, 1453, 1459, 1471, 1481, 1483, 1487, 1489, 1493, 1499, 1511, 
  1523, 1531, 1543, 1549, 1553, 1559, 1567, 1571, 1579, 1583, 1597, 1601, 1607, 1609, 1613, 1619, 1621, 1627, 1637, 
  1657, 1663, 1667, 1669, 1681, 1693, 1697, 1699, 1709, 1721, 1723, 1733, 1741, 1747, 1753, 1759, 1777, 1783, 1787, 
  1789, 1801, 1811, 1823, 1831, 1847, 1849, 1861, 1867, 1871, 1873, 1877, 1879, 1889, 1901, 1907, 1913, 1931, 1933, 
  1949, 1951, 1973, 1979, 1987, 1993, 1997, 1999, 2003, 2011, 2017, 2027, 2029, 2039, 2048, 2053, 2063, 2069, 2081, 
  2083, 2087, 2089, 2099, 2111, 2113, 2129, 2131, 2137, 2141, 2143, 2153, 2161, 2179, 2187, 2197, 2203, 2207, 2209, 
  2213, 2221, 2237, 2239, 2243, 2251, 2267, 2269, 2273, 2281, 2287, 2293, 2297, 2309, 2311, 2333, 2339, 2341, 2347, 
  2351, 2357, 2371, 2377, 2381, 2383, 2389, 2393, 2399, 2401, 2411, 2417, 2423, 2437, 2441, 2447, 2459, 2467, 2473, 
  2477, 2503, 2521, 2531, 2539, 2543, 2549, 2551, 2557, 2579, 2591, 2593, 2609, 2617, 2621, 2633, 2647, 2657, 2659, 
  2663, 2671, 2677, 2683, 2687, 2689, 2693, 2699, 2707, 2711, 2713, 2719, 2729, 2731, 2741, 2749, 2753, 2767, 2777, 
  2789, 2791, 2797, 2801, 2803, 2809, 2819, 2833, 2837, 2843, 2851, 2857, 2861, 2879, 2887, 2897, 2903, 2909, 2917, 
  2927, 2939, 2953, 2957, 2963, 2969, 2971, 2999 ]
gap> ls:=[];
[  ]
gap> for q in lp do
> Add(ls, [q, PrimeDivisors(q*(q^2-1))]);
> od;
gap> Number(ls);
466
gap> for k in [1..466] do
> Print(ls[k], "\n");
> od;
[ 2, [ 2, 3 ] ]
[ 3, [ 2, 3 ] ]
[ 4, [ 2, 3, 5 ] ]
[ 5, [ 2, 3, 5 ] ]
[ 7, [ 2, 3, 7 ] ]
[ 8, [ 2, 3, 7 ] ]
[ 9, [ 2, 3, 5 ] ]
[ 11, [ 2, 3, 5, 11 ] ]
[ 13, [ 2, 3, 7, 13 ] ]
[ 16, [ 2, 3, 5, 17 ] ]
[ 17, [ 2, 3, 17 ] ]
[ 19, [ 2, 3, 5, 19 ] ]
[ 23, [ 2, 3, 11, 23 ] ]
[ 25, [ 2, 3, 5, 13 ] ]
[ 27, [ 2, 3, 7, 13 ] ]
[ 29, [ 2, 3, 5, 7, 29 ] ]
[ 31, [ 2, 3, 5, 31 ] ]
[ 32, [ 2, 3, 11, 31 ] ]
[ 37, [ 2, 3, 19, 37 ] ]
[ 41, [ 2, 3, 5, 7, 41 ] ]
[ 43, [ 2, 3, 7, 11, 43 ] ]
[ 47, [ 2, 3, 23, 47 ] ]
[ 49, [ 2, 3, 5, 7 ] ]
[ 53, [ 2, 3, 13, 53 ] ]
[ 59, [ 2, 3, 5, 29, 59 ] ]
[ 61, [ 2, 3, 5, 31, 61 ] ]
[ 64, [ 2, 3, 5, 7, 13 ] ]
[ 67, [ 2, 3, 11, 17, 67 ] ]
[ 71, [ 2, 3, 5, 7, 71 ] ]
[ 73, [ 2, 3, 37, 73 ] ]
[ 79, [ 2, 3, 5, 13, 79 ] ]
[ 81, [ 2, 3, 5, 41 ] ]
[ 83, [ 2, 3, 7, 41, 83 ] ]
[ 89, [ 2, 3, 5, 11, 89 ] ]
[ 97, [ 2, 3, 7, 97 ] ]
[ 101, [ 2, 3, 5, 17, 101 ] ]
[ 103, [ 2, 3, 13, 17, 103 ] ]
[ 107, [ 2, 3, 53, 107 ] ]
[ 109, [ 2, 3, 5, 11, 109 ] ]
[ 113, [ 2, 3, 7, 19, 113 ] ]
[ 121, [ 2, 3, 5, 11, 61 ] ]
[ 125, [ 2, 3, 5, 7, 31 ] ]
[ 127, [ 2, 3, 7, 127 ] ]
[ 128, [ 2, 3, 43, 127 ] ]
[ 131, [ 2, 3, 5, 11, 13, 131 ] ]
[ 137, [ 2, 3, 17, 23, 137 ] ]
[ 139, [ 2, 3, 5, 7, 23, 139 ] ]
[ 149, [ 2, 3, 5, 37, 149 ] ]
[ 151, [ 2, 3, 5, 19, 151 ] ]
[ 157, [ 2, 3, 13, 79, 157 ] ]
[ 163, [ 2, 3, 41, 163 ] ]
[ 167, [ 2, 3, 7, 83, 167 ] ]
[ 169, [ 2, 3, 5, 7, 13, 17 ] ]
[ 173, [ 2, 3, 29, 43, 173 ] ]
[ 179, [ 2, 3, 5, 89, 179 ] ]
[ 181, [ 2, 3, 5, 7, 13, 181 ] ]
[ 191, [ 2, 3, 5, 19, 191 ] ]
[ 193, [ 2, 3, 97, 193 ] ]
[ 197, [ 2, 3, 7, 11, 197 ] ]
[ 199, [ 2, 3, 5, 11, 199 ] ]
[ 211, [ 2, 3, 5, 7, 53, 211 ] ]
[ 223, [ 2, 3, 7, 37, 223 ] ]
[ 227, [ 2, 3, 19, 113, 227 ] ]
[ 229, [ 2, 3, 5, 19, 23, 229 ] ]
[ 233, [ 2, 3, 13, 29, 233 ] ]
[ 239, [ 2, 3, 5, 7, 17, 239 ] ]
[ 241, [ 2, 3, 5, 11, 241 ] ]
[ 243, [ 2, 3, 11, 61 ] ]
[ 251, [ 2, 3, 5, 7, 251 ] ]
[ 256, [ 2, 3, 5, 17, 257 ] ]
[ 257, [ 2, 3, 43, 257 ] ]
[ 263, [ 2, 3, 11, 131, 263 ] ]
[ 269, [ 2, 3, 5, 67, 269 ] ]
[ 271, [ 2, 3, 5, 17, 271 ] ]
[ 277, [ 2, 3, 23, 139, 277 ] ]
[ 281, [ 2, 3, 5, 7, 47, 281 ] ]
[ 283, [ 2, 3, 47, 71, 283 ] ]
[ 289, [ 2, 3, 5, 17, 29 ] ]
[ 293, [ 2, 3, 7, 73, 293 ] ]
[ 307, [ 2, 3, 7, 11, 17, 307 ] ]
[ 311, [ 2, 3, 5, 13, 31, 311 ] ]
[ 313, [ 2, 3, 13, 157, 313 ] ]
[ 317, [ 2, 3, 53, 79, 317 ] ]
[ 331, [ 2, 3, 5, 11, 83, 331 ] ]
[ 337, [ 2, 3, 7, 13, 337 ] ]
[ 343, [ 2, 3, 7, 19, 43 ] ]
[ 347, [ 2, 3, 29, 173, 347 ] ]
[ 349, [ 2, 3, 5, 7, 29, 349 ] ]
[ 353, [ 2, 3, 11, 59, 353 ] ]
[ 359, [ 2, 3, 5, 179, 359 ] ]
[ 361, [ 2, 3, 5, 19, 181 ] ]
[ 367, [ 2, 3, 23, 61, 367 ] ]
[ 373, [ 2, 3, 11, 17, 31, 373 ] ]
[ 379, [ 2, 3, 5, 7, 19, 379 ] ]
[ 383, [ 2, 3, 191, 383 ] ]
[ 389, [ 2, 3, 5, 13, 97, 389 ] ]
[ 397, [ 2, 3, 11, 199, 397 ] ]
[ 401, [ 2, 3, 5, 67, 401 ] ]
[ 409, [ 2, 3, 5, 17, 41, 409 ] ]
[ 419, [ 2, 3, 5, 7, 11, 19, 419 ] ]
[ 421, [ 2, 3, 5, 7, 211, 421 ] ]
[ 431, [ 2, 3, 5, 43, 431 ] ]
[ 433, [ 2, 3, 7, 31, 433 ] ]
[ 439, [ 2, 3, 5, 11, 73, 439 ] ]
[ 443, [ 2, 3, 13, 17, 37, 443 ] ]
[ 449, [ 2, 3, 5, 7, 449 ] ]
[ 457, [ 2, 3, 19, 229, 457 ] ]
[ 461, [ 2, 3, 5, 7, 11, 23, 461 ] ]
[ 463, [ 2, 3, 7, 11, 29, 463 ] ]
[ 467, [ 2, 3, 13, 233, 467 ] ]
[ 479, [ 2, 3, 5, 239, 479 ] ]
[ 487, [ 2, 3, 61, 487 ] ]
[ 491, [ 2, 3, 5, 7, 41, 491 ] ]
[ 499, [ 2, 3, 5, 83, 499 ] ]
[ 503, [ 2, 3, 7, 251, 503 ] ]
[ 509, [ 2, 3, 5, 17, 127, 509 ] ]
[ 512, [ 2, 3, 7, 19, 73 ] ]
[ 521, [ 2, 3, 5, 13, 29, 521 ] ]
[ 523, [ 2, 3, 29, 131, 523 ] ]
[ 529, [ 2, 3, 5, 11, 23, 53 ] ]
[ 541, [ 2, 3, 5, 271, 541 ] ]
[ 547, [ 2, 3, 7, 13, 137, 547 ] ]
[ 557, [ 2, 3, 31, 139, 557 ] ]
[ 563, [ 2, 3, 47, 281, 563 ] ]
[ 569, [ 2, 3, 5, 19, 71, 569 ] ]
[ 571, [ 2, 3, 5, 11, 13, 19, 571 ] ]
[ 577, [ 2, 3, 17, 577 ] ]
[ 587, [ 2, 3, 7, 293, 587 ] ]
[ 593, [ 2, 3, 11, 37, 593 ] ]
[ 599, [ 2, 3, 5, 13, 23, 599 ] ]
[ 601, [ 2, 3, 5, 7, 43, 601 ] ]
[ 607, [ 2, 3, 19, 101, 607 ] ]
[ 613, [ 2, 3, 17, 307, 613 ] ]
[ 617, [ 2, 3, 7, 11, 103, 617 ] ]
[ 619, [ 2, 3, 5, 31, 103, 619 ] ]
[ 625, [ 2, 3, 5, 13, 313 ] ]
[ 631, [ 2, 3, 5, 7, 79, 631 ] ]
[ 641, [ 2, 3, 5, 107, 641 ] ]
[ 643, [ 2, 3, 7, 23, 107, 643 ] ]
[ 647, [ 2, 3, 17, 19, 647 ] ]
[ 653, [ 2, 3, 109, 163, 653 ] ]
[ 659, [ 2, 3, 5, 7, 11, 47, 659 ] ]
[ 661, [ 2, 3, 5, 11, 331, 661 ] ]
[ 673, [ 2, 3, 7, 337, 673 ] ]
[ 677, [ 2, 3, 13, 113, 677 ] ]
[ 683, [ 2, 3, 11, 19, 31, 683 ] ]
[ 691, [ 2, 3, 5, 23, 173, 691 ] ]
[ 701, [ 2, 3, 5, 7, 13, 701 ] ]
[ 709, [ 2, 3, 5, 59, 71, 709 ] ]
[ 719, [ 2, 3, 5, 359, 719 ] ]
[ 727, [ 2, 3, 7, 11, 13, 727 ] ]
[ 729, [ 2, 3, 5, 7, 13, 73 ] ]
[ 733, [ 2, 3, 61, 367, 733 ] ]
[ 739, [ 2, 3, 5, 37, 41, 739 ] ]
[ 743, [ 2, 3, 7, 31, 53, 743 ] ]
[ 751, [ 2, 3, 5, 47, 751 ] ]
[ 757, [ 2, 3, 7, 379, 757 ] ]
[ 761, [ 2, 3, 5, 19, 127, 761 ] ]
[ 769, [ 2, 3, 5, 7, 11, 769 ] ]
[ 773, [ 2, 3, 43, 193, 773 ] ]
[ 787, [ 2, 3, 131, 197, 787 ] ]
[ 797, [ 2, 3, 7, 19, 199, 797 ] ]
[ 809, [ 2, 3, 5, 101, 809 ] ]
[ 811, [ 2, 3, 5, 7, 29, 811 ] ]
[ 821, [ 2, 3, 5, 41, 137, 821 ] ]
[ 823, [ 2, 3, 103, 137, 823 ] ]
[ 827, [ 2, 3, 7, 23, 59, 827 ] ]
[ 829, [ 2, 3, 5, 23, 83, 829 ] ]
[ 839, [ 2, 3, 5, 7, 419, 839 ] ]
[ 841, [ 2, 3, 5, 7, 29, 421 ] ]
[ 853, [ 2, 3, 7, 61, 71, 853 ] ]
[ 857, [ 2, 3, 11, 13, 107, 857 ] ]
[ 859, [ 2, 3, 5, 11, 13, 43, 859 ] ]
[ 863, [ 2, 3, 431, 863 ] ]
[ 877, [ 2, 3, 73, 439, 877 ] ]
[ 881, [ 2, 3, 5, 7, 11, 881 ] ]
[ 883, [ 2, 3, 7, 13, 17, 883 ] ]
[ 887, [ 2, 3, 37, 443, 887 ] ]
[ 907, [ 2, 3, 151, 227, 907 ] ]
[ 911, [ 2, 3, 5, 7, 13, 19, 911 ] ]
[ 919, [ 2, 3, 5, 17, 23, 919 ] ]
[ 929, [ 2, 3, 5, 29, 31, 929 ] ]
[ 937, [ 2, 3, 7, 13, 67, 937 ] ]
[ 941, [ 2, 3, 5, 47, 157, 941 ] ]
[ 947, [ 2, 3, 11, 43, 79, 947 ] ]
[ 953, [ 2, 3, 7, 17, 53, 953 ] ]
[ 961, [ 2, 3, 5, 13, 31, 37 ] ]
[ 967, [ 2, 3, 7, 11, 23, 967 ] ]
[ 971, [ 2, 3, 5, 97, 971 ] ]
[ 977, [ 2, 3, 61, 163, 977 ] ]
[ 983, [ 2, 3, 41, 491, 983 ] ]
[ 991, [ 2, 3, 5, 11, 31, 991 ] ]
[ 997, [ 2, 3, 83, 499, 997 ] ]
[ 1009, [ 2, 3, 5, 7, 101, 1009 ] ]
[ 1013, [ 2, 3, 11, 13, 23, 1013 ] ]
[ 1019, [ 2, 3, 5, 17, 509, 1019 ] ]
[ 1021, [ 2, 3, 5, 7, 17, 73, 1021 ] ]
[ 1024, [ 2, 3, 5, 11, 31, 41 ] ]
[ 1031, [ 2, 3, 5, 43, 103, 1031 ] ]
[ 1033, [ 2, 3, 11, 43, 47, 1033 ] ]
[ 1039, [ 2, 3, 5, 13, 173, 1039 ] ]
[ 1049, [ 2, 3, 5, 7, 131, 1049 ] ]
[ 1051, [ 2, 3, 5, 7, 263, 1051 ] ]
[ 1061, [ 2, 3, 5, 53, 59, 1061 ] ]
[ 1063, [ 2, 3, 7, 19, 59, 1063 ] ]
[ 1069, [ 2, 3, 5, 89, 107, 1069 ] ]
[ 1087, [ 2, 3, 17, 181, 1087 ] ]
[ 1091, [ 2, 3, 5, 7, 13, 109, 1091 ] ]
[ 1093, [ 2, 3, 7, 13, 547, 1093 ] ]
[ 1097, [ 2, 3, 61, 137, 1097 ] ]
[ 1103, [ 2, 3, 19, 23, 29, 1103 ] ]
[ 1109, [ 2, 3, 5, 37, 277, 1109 ] ]
[ 1117, [ 2, 3, 13, 31, 43, 1117 ] ]
[ 1123, [ 2, 3, 11, 17, 281, 1123 ] ]
[ 1129, [ 2, 3, 5, 47, 113, 1129 ] ]
[ 1151, [ 2, 3, 5, 23, 1151 ] ]
[ 1153, [ 2, 3, 577, 1153 ] ]
[ 1163, [ 2, 3, 7, 83, 97, 1163 ] ]
[ 1171, [ 2, 3, 5, 13, 293, 1171 ] ]
[ 1181, [ 2, 3, 5, 59, 197, 1181 ] ]
[ 1187, [ 2, 3, 11, 593, 1187 ] ]
[ 1193, [ 2, 3, 149, 199, 1193 ] ]
[ 1201, [ 2, 3, 5, 601, 1201 ] ]
[ 1213, [ 2, 3, 101, 607, 1213 ] ]
[ 1217, [ 2, 3, 7, 19, 29, 1217 ] ]
[ 1223, [ 2, 3, 13, 17, 47, 1223 ] ]
[ 1229, [ 2, 3, 5, 41, 307, 1229 ] ]
[ 1231, [ 2, 3, 5, 7, 11, 41, 1231 ] ]
[ 1237, [ 2, 3, 103, 619, 1237 ] ]
[ 1249, [ 2, 3, 5, 13, 1249 ] ]
[ 1259, [ 2, 3, 5, 7, 17, 37, 1259 ] ]
[ 1277, [ 2, 3, 11, 29, 71, 1277 ] ]
[ 1279, [ 2, 3, 5, 71, 1279 ] ]
[ 1283, [ 2, 3, 107, 641, 1283 ] ]
[ 1289, [ 2, 3, 5, 7, 23, 43, 1289 ] ]
[ 1291, [ 2, 3, 5, 17, 19, 43, 1291 ] ]
[ 1297, [ 2, 3, 11, 59, 1297 ] ]
[ 1301, [ 2, 3, 5, 7, 13, 31, 1301 ] ]
[ 1303, [ 2, 3, 7, 31, 163, 1303 ] ]
[ 1307, [ 2, 3, 109, 653, 1307 ] ]
[ 1319, [ 2, 3, 5, 11, 659, 1319 ] ]
[ 1321, [ 2, 3, 5, 11, 661, 1321 ] ]
[ 1327, [ 2, 3, 13, 17, 83, 1327 ] ]
[ 1331, [ 2, 3, 5, 7, 11, 19, 37 ] ]
[ 1361, [ 2, 3, 5, 17, 227, 1361 ] ]
[ 1367, [ 2, 3, 19, 683, 1367 ] ]
[ 1369, [ 2, 3, 5, 19, 37, 137 ] ]
[ 1373, [ 2, 3, 7, 229, 1373 ] ]
[ 1381, [ 2, 3, 5, 23, 691, 1381 ] ]
[ 1399, [ 2, 3, 5, 7, 233, 1399 ] ]
[ 1409, [ 2, 3, 5, 11, 47, 1409 ] ]
[ 1423, [ 2, 3, 79, 89, 1423 ] ]
[ 1427, [ 2, 3, 7, 17, 23, 31, 1427 ] ]
[ 1429, [ 2, 3, 5, 7, 11, 13, 17, 1429 ] ]
[ 1433, [ 2, 3, 179, 239, 1433 ] ]
[ 1439, [ 2, 3, 5, 719, 1439 ] ]
[ 1447, [ 2, 3, 181, 241, 1447 ] ]
[ 1451, [ 2, 3, 5, 11, 29, 1451 ] ]
[ 1453, [ 2, 3, 11, 727, 1453 ] ]
[ 1459, [ 2, 3, 5, 73, 1459 ] ]
[ 1471, [ 2, 3, 5, 7, 23, 1471 ] ]
[ 1481, [ 2, 3, 5, 13, 19, 37, 1481 ] ]
[ 1483, [ 2, 3, 7, 13, 19, 53, 1483 ] ]
[ 1487, [ 2, 3, 31, 743, 1487 ] ]
[ 1489, [ 2, 3, 5, 31, 149, 1489 ] ]
[ 1493, [ 2, 3, 83, 373, 1493 ] ]
[ 1499, [ 2, 3, 5, 7, 107, 1499 ] ]
[ 1511, [ 2, 3, 5, 7, 151, 1511 ] ]
[ 1523, [ 2, 3, 127, 761, 1523 ] ]
[ 1531, [ 2, 3, 5, 17, 383, 1531 ] ]
[ 1543, [ 2, 3, 193, 257, 1543 ] ]
[ 1549, [ 2, 3, 5, 31, 43, 1549 ] ]
[ 1553, [ 2, 3, 7, 37, 97, 1553 ] ]
[ 1559, [ 2, 3, 5, 13, 19, 41, 1559 ] ]
[ 1567, [ 2, 3, 7, 29, 1567 ] ]
[ 1571, [ 2, 3, 5, 131, 157, 1571 ] ]
[ 1579, [ 2, 3, 5, 79, 263, 1579 ] ]
[ 1583, [ 2, 3, 7, 11, 113, 1583 ] ]
[ 1597, [ 2, 3, 7, 17, 19, 47, 1597 ] ]
[ 1601, [ 2, 3, 5, 89, 1601 ] ]
[ 1607, [ 2, 3, 11, 67, 73, 1607 ] ]
[ 1609, [ 2, 3, 5, 7, 23, 67, 1609 ] ]
[ 1613, [ 2, 3, 13, 31, 269, 1613 ] ]
[ 1619, [ 2, 3, 5, 809, 1619 ] ]
[ 1621, [ 2, 3, 5, 811, 1621 ] ]
[ 1627, [ 2, 3, 11, 37, 271, 1627 ] ]
[ 1637, [ 2, 3, 7, 13, 409, 1637 ] ]
[ 1657, [ 2, 3, 23, 829, 1657 ] ]
[ 1663, [ 2, 3, 13, 277, 1663 ] ]
[ 1667, [ 2, 3, 7, 17, 139, 1667 ] ]
[ 1669, [ 2, 3, 5, 139, 167, 1669 ] ]
[ 1681, [ 2, 3, 5, 7, 29, 41 ] ]
[ 1693, [ 2, 3, 7, 11, 47, 1693 ] ]
[ 1697, [ 2, 3, 53, 283, 1697 ] ]
[ 1699, [ 2, 3, 5, 17, 283, 1699 ] ]
[ 1709, [ 2, 3, 5, 7, 19, 61, 1709 ] ]
[ 1721, [ 2, 3, 5, 7, 41, 43, 1721 ] ]
[ 1723, [ 2, 3, 7, 41, 431, 1723 ] ]
[ 1733, [ 2, 3, 17, 433, 1733 ] ]
[ 1741, [ 2, 3, 5, 13, 29, 67, 1741 ] ]
[ 1747, [ 2, 3, 19, 23, 97, 1747 ] ]
[ 1753, [ 2, 3, 73, 877, 1753 ] ]
[ 1759, [ 2, 3, 5, 11, 293, 1759 ] ]
[ 1777, [ 2, 3, 7, 37, 127, 1777 ] ]
[ 1783, [ 2, 3, 11, 223, 1783 ] ]
[ 1787, [ 2, 3, 19, 47, 149, 1787 ] ]
[ 1789, [ 2, 3, 5, 149, 179, 1789 ] ]
[ 1801, [ 2, 3, 5, 17, 53, 1801 ] ]
[ 1811, [ 2, 3, 5, 151, 181, 1811 ] ]
[ 1823, [ 2, 3, 19, 911, 1823 ] ]
[ 1831, [ 2, 3, 5, 61, 229, 1831 ] ]
[ 1847, [ 2, 3, 7, 11, 13, 71, 1847 ] ]
[ 1849, [ 2, 3, 5, 7, 11, 37, 43 ] ]
[ 1861, [ 2, 3, 5, 7, 19, 31, 1861 ] ]
[ 1867, [ 2, 3, 311, 467, 1867 ] ]
[ 1871, [ 2, 3, 5, 11, 13, 17, 1871 ] ]
[ 1873, [ 2, 3, 13, 937, 1873 ] ]
[ 1877, [ 2, 3, 7, 67, 313, 1877 ] ]
[ 1879, [ 2, 3, 5, 47, 313, 1879 ] ]
[ 1889, [ 2, 3, 5, 7, 59, 1889 ] ]
[ 1901, [ 2, 3, 5, 19, 317, 1901 ] ]
[ 1907, [ 2, 3, 53, 953, 1907 ] ]
[ 1913, [ 2, 3, 11, 29, 239, 1913 ] ]
[ 1931, [ 2, 3, 5, 7, 23, 193, 1931 ] ]
[ 1933, [ 2, 3, 7, 23, 967, 1933 ] ]
[ 1949, [ 2, 3, 5, 13, 487, 1949 ] ]
[ 1951, [ 2, 3, 5, 13, 61, 1951 ] ]
[ 1973, [ 2, 3, 7, 17, 29, 47, 1973 ] ]
[ 1979, [ 2, 3, 5, 11, 23, 43, 1979 ] ]
[ 1987, [ 2, 3, 7, 71, 331, 1987 ] ]
[ 1993, [ 2, 3, 83, 997, 1993 ] ]
[ 1997, [ 2, 3, 37, 499, 1997 ] ]
[ 1999, [ 2, 3, 5, 37, 1999 ] ]
[ 2003, [ 2, 3, 7, 11, 13, 167, 2003 ] ]
[ 2011, [ 2, 3, 5, 67, 503, 2011 ] ]
[ 2017, [ 2, 3, 7, 1009, 2017 ] ]
[ 2027, [ 2, 3, 13, 1013, 2027 ] ]
[ 2029, [ 2, 3, 5, 7, 13, 29, 2029 ] ]
[ 2039, [ 2, 3, 5, 17, 1019, 2039 ] ]
[ 2048, [ 2, 3, 23, 89, 683 ] ]
[ 2053, [ 2, 3, 13, 19, 79, 2053 ] ]
[ 2063, [ 2, 3, 43, 1031, 2063 ] ]
[ 2069, [ 2, 3, 5, 11, 23, 47, 2069 ] ]
[ 2081, [ 2, 3, 5, 13, 347, 2081 ] ]
[ 2083, [ 2, 3, 347, 521, 2083 ] ]
[ 2087, [ 2, 3, 7, 29, 149, 2087 ] ]
[ 2089, [ 2, 3, 5, 11, 19, 29, 2089 ] ]
[ 2099, [ 2, 3, 5, 7, 1049, 2099 ] ]
[ 2111, [ 2, 3, 5, 11, 211, 2111 ] ]
[ 2113, [ 2, 3, 7, 11, 151, 2113 ] ]
[ 2129, [ 2, 3, 5, 7, 19, 71, 2129 ] ]
[ 2131, [ 2, 3, 5, 13, 41, 71, 2131 ] ]
[ 2137, [ 2, 3, 89, 1069, 2137 ] ]
[ 2141, [ 2, 3, 5, 7, 17, 107, 2141 ] ]
[ 2143, [ 2, 3, 7, 17, 67, 2143 ] ]
[ 2153, [ 2, 3, 269, 359, 2153 ] ]
[ 2161, [ 2, 3, 5, 23, 47, 2161 ] ]
[ 2179, [ 2, 3, 5, 11, 109, 2179 ] ]
[ 2187, [ 2, 3, 547, 1093 ] ]
[ 2197, [ 2, 3, 7, 13, 61, 157 ] ]
[ 2203, [ 2, 3, 19, 29, 367, 2203 ] ]
[ 2207, [ 2, 3, 23, 1103, 2207 ] ]
[ 2209, [ 2, 3, 5, 13, 17, 23, 47 ] ]
[ 2213, [ 2, 3, 7, 41, 79, 2213 ] ]
[ 2221, [ 2, 3, 5, 11, 37, 101, 2221 ] ]
[ 2237, [ 2, 3, 13, 43, 373, 2237 ] ]
[ 2239, [ 2, 3, 5, 7, 373, 2239 ] ]
[ 2243, [ 2, 3, 11, 17, 19, 59, 2243 ] ]
[ 2251, [ 2, 3, 5, 563, 2251 ] ]
[ 2267, [ 2, 3, 7, 11, 103, 2267 ] ]
[ 2269, [ 2, 3, 5, 7, 227, 2269 ] ]
[ 2273, [ 2, 3, 71, 379, 2273 ] ]
[ 2281, [ 2, 3, 5, 7, 19, 163, 2281 ] ]
[ 2287, [ 2, 3, 11, 13, 127, 2287 ] ]
[ 2293, [ 2, 3, 31, 37, 191, 2293 ] ]
[ 2297, [ 2, 3, 7, 41, 383, 2297 ] ]
[ 2309, [ 2, 3, 5, 7, 11, 577, 2309 ] ]
[ 2311, [ 2, 3, 5, 7, 11, 17, 2311 ] ]
[ 2333, [ 2, 3, 11, 53, 389, 2333 ] ]
[ 2339, [ 2, 3, 5, 7, 13, 167, 2339 ] ]
[ 2341, [ 2, 3, 5, 13, 1171, 2341 ] ]
[ 2347, [ 2, 3, 17, 23, 587, 2347 ] ]
[ 2351, [ 2, 3, 5, 7, 47, 2351 ] ]
[ 2357, [ 2, 3, 19, 31, 131, 2357 ] ]
[ 2371, [ 2, 3, 5, 79, 593, 2371 ] ]
[ 2377, [ 2, 3, 11, 29, 41, 2377 ] ]
[ 2381, [ 2, 3, 5, 7, 17, 397, 2381 ] ]
[ 2383, [ 2, 3, 149, 397, 2383 ] ]
[ 2389, [ 2, 3, 5, 199, 239, 2389 ] ]
[ 2393, [ 2, 3, 7, 13, 19, 23, 2393 ] ]
[ 2399, [ 2, 3, 5, 11, 109, 2399 ] ]
[ 2401, [ 2, 3, 5, 7, 1201 ] ]
[ 2411, [ 2, 3, 5, 67, 241, 2411 ] ]
[ 2417, [ 2, 3, 13, 31, 151, 2417 ] ]
[ 2423, [ 2, 3, 7, 101, 173, 2423 ] ]
[ 2437, [ 2, 3, 7, 23, 29, 53, 2437 ] ]
[ 2441, [ 2, 3, 5, 11, 37, 61, 2441 ] ]
[ 2447, [ 2, 3, 17, 1223, 2447 ] ]
[ 2459, [ 2, 3, 5, 41, 1229, 2459 ] ]
[ 2467, [ 2, 3, 137, 617, 2467 ] ]
[ 2473, [ 2, 3, 103, 1237, 2473 ] ]
[ 2477, [ 2, 3, 7, 59, 619, 2477 ] ]
[ 2503, [ 2, 3, 139, 313, 2503 ] ]
[ 2521, [ 2, 3, 5, 7, 13, 97, 2521 ] ]
[ 2531, [ 2, 3, 5, 11, 23, 211, 2531 ] ]
[ 2539, [ 2, 3, 5, 47, 127, 2539 ] ]
[ 2543, [ 2, 3, 31, 41, 53, 2543 ] ]
[ 2549, [ 2, 3, 5, 7, 13, 17, 2549 ] ]
[ 2551, [ 2, 3, 5, 11, 17, 29, 2551 ] ]
[ 2557, [ 2, 3, 71, 1279, 2557 ] ]
[ 2579, [ 2, 3, 5, 43, 1289, 2579 ] ]
[ 2591, [ 2, 3, 5, 7, 37, 2591 ] ]
[ 2593, [ 2, 3, 1297, 2593 ] ]
[ 2609, [ 2, 3, 5, 29, 163, 2609 ] ]
[ 2617, [ 2, 3, 7, 11, 17, 109, 2617 ] ]
[ 2621, [ 2, 3, 5, 19, 23, 131, 2621 ] ]
[ 2633, [ 2, 3, 7, 47, 439, 2633 ] ]
[ 2647, [ 2, 3, 7, 331, 2647 ] ]
[ 2657, [ 2, 3, 83, 443, 2657 ] ]
[ 2659, [ 2, 3, 5, 7, 19, 443, 2659 ] ]
[ 2663, [ 2, 3, 11, 37, 2663 ] ]
[ 2671, [ 2, 3, 5, 89, 167, 2671 ] ]
[ 2677, [ 2, 3, 13, 103, 223, 2677 ] ]
[ 2683, [ 2, 3, 11, 61, 149, 2683 ] ]
[ 2687, [ 2, 3, 7, 17, 79, 2687 ] ]
[ 2689, [ 2, 3, 5, 7, 269, 2689 ] ]
[ 2693, [ 2, 3, 449, 673, 2693 ] ]
[ 2699, [ 2, 3, 5, 19, 71, 2699 ] ]
[ 2707, [ 2, 3, 11, 41, 677, 2707 ] ]
[ 2711, [ 2, 3, 5, 113, 271, 2711 ] ]
[ 2713, [ 2, 3, 23, 59, 113, 2713 ] ]
[ 2719, [ 2, 3, 5, 17, 151, 2719 ] ]
[ 2729, [ 2, 3, 5, 7, 11, 13, 31, 2729 ] ]
[ 2731, [ 2, 3, 5, 7, 13, 683, 2731 ] ]
[ 2741, [ 2, 3, 5, 137, 457, 2741 ] ]
[ 2749, [ 2, 3, 5, 11, 229, 2749 ] ]
[ 2753, [ 2, 3, 17, 43, 2753 ] ]
[ 2767, [ 2, 3, 173, 461, 2767 ] ]
[ 2777, [ 2, 3, 347, 463, 2777 ] ]
[ 2789, [ 2, 3, 5, 17, 31, 41, 2789 ] ]
[ 2791, [ 2, 3, 5, 31, 349, 2791 ] ]
[ 2797, [ 2, 3, 233, 1399, 2797 ] ]
[ 2801, [ 2, 3, 5, 7, 467, 2801 ] ]
[ 2803, [ 2, 3, 467, 701, 2803 ] ]
[ 2809, [ 2, 3, 5, 13, 53, 281 ] ]
[ 2819, [ 2, 3, 5, 47, 1409, 2819 ] ]
[ 2833, [ 2, 3, 13, 59, 109, 2833 ] ]
[ 2837, [ 2, 3, 11, 43, 709, 2837 ] ]
[ 2843, [ 2, 3, 7, 29, 79, 2843 ] ]
[ 2851, [ 2, 3, 5, 19, 23, 31, 2851 ] ]
[ 2857, [ 2, 3, 7, 17, 1429, 2857 ] ]
[ 2861, [ 2, 3, 5, 11, 13, 53, 2861 ] ]
[ 2879, [ 2, 3, 5, 1439, 2879 ] ]
[ 2887, [ 2, 3, 13, 19, 37, 2887 ] ]
[ 2897, [ 2, 3, 7, 23, 181, 2897 ] ]
[ 2903, [ 2, 3, 11, 1451, 2903 ] ]
[ 2909, [ 2, 3, 5, 97, 727, 2909 ] ]
[ 2917, [ 2, 3, 1459, 2917 ] ]
[ 2927, [ 2, 3, 7, 11, 19, 61, 2927 ] ]
[ 2939, [ 2, 3, 5, 7, 13, 113, 2939 ] ]
[ 2953, [ 2, 3, 7, 41, 211, 2953 ] ]
[ 2957, [ 2, 3, 17, 29, 739, 2957 ] ]
[ 2963, [ 2, 3, 13, 19, 1481, 2963 ] ]
[ 2969, [ 2, 3, 5, 7, 11, 53, 2969 ] ]
[ 2971, [ 2, 3, 5, 11, 743, 2971 ] ]
[ 2999, [ 2, 3, 5, 1499, 2999 ] ]
gap> 